ROI1  - M1 =  41.21479079703177 +- 5.6666388693564445
      - D1 =  1.5088343666036508e-05 +- 6.302423264462889e-06
      - M2 =  114.0196952682124 +- 5.3214238224590185
      - D2 =  0.0002461525079910931 +- 1.773066428905188e-05
