Splenium  - M0 =  25.01077628118094 +- 0.5456577611462777
      - l_c_mode =  0.7646742819837767 +- 0.1157824899455093
      - l_c_median =  1.3142969306191472 +-
      - l_c_mid =  1.723066339625752 +-
      - sigma =  0.7359396579463602 +- 0.052931350484519094
      - D0 =  7e-13 +-
Istmus  - M0 =  23.67893789124715 +- 0.5987647811354746
      - l_c_mode =  0.3909094680901146 +- 0.159738754104381
      - l_c_median =  1.0626021036702202 +-
      - l_c_mid =  1.7519346906021256 +-
      - sigma =  0.9999999999944809 +- 0.002640648363939765
      - D0 =  7e-13 +-
Body  - M0 =  24.55642372021729 +- 0.5927257819530476
      - l_c_mode =  0.30157848958268857 +- 0.12172217659843652
      - l_c_median =  0.8197753280776242 +-
      - l_c_mid =  1.3515810205892338 +-
      - sigma =  0.9999999999944353 +- 0.002189611131964264
      - D0 =  7e-13 +-
