ROI1  - M0 =  17.93199641097928 +- 0.8225680575959368
      - l_c_mode =  1.09 +- 0
      - l_c_median =  10.341632054628201 +-
      - l_c_mid =  31.85446928919183 +-
      - sigma =  1.4999999997742912 +- 13.064199453880503
      - D0 =  7e-13 +-
ROI1  - M0 =  17.5646148183596 +- 2.526980221030379
      - l_c_mode =  1.49999999929622 +- 2.7114611904577512
      - l_c_median =  14.23160374179306 +-
      - l_c_mid =  43.83642562325135 +-
      - sigma =  1.499999999857888 +- 1.593886672311957
      - D0 =  7e-13 +-
