ROI1  - M0 =  17.273880543688975 +- 0.9943284686863125
      - l_c_mode =  1.7999999991488786 +- 0.5493775238008585
      - l_c_median =  12.7787887099225 +-
      - l_c_mid =  34.04852334069556 +-
      - sigma =  1.399999999963191 +- 4.305059149893947
      - D0 =  7e-13 +-
