ROI1  - M0_int =  29.999999997496225 +- 319269.6305738797
      - l_c_int =  98.23321519825235 +- 10652.304530767173
      - D0_int =  8.09759472351084e-13 +- 2.67733111037928e-12
      - M0_ext =  27.727764258931263 +- 23.01600452559358
      - l_c_mode_ext =  1.271685384892078 +- 0.8570211423569101
      - l_c_median_ext =  1.5482640001110812 +-
      - l_c_mid_ext =  1.7083532713111316 +-
      - sigma_ext =  0.4436115507185373 +- 0.5725256682256962
      - D0_ext =  1.0280956814015683e-12 +- 1.868771041293271e-12
