ROI1  - M0 =  20.000000000255476 +- 0.22018269774776023
      - l_c_mode =  1.3087632592254959 +- 1.1102103254271842
      - l_c_median =  1.3087632592254959 +-
      - l_c_mid =  2.688766704588437 +-
      - sigma =  1.1999999999891657 +- 125.10398045575104
      - D0 =  7e-13 +-
ROI1  - M0 =  20.000000000255476 +- 0.22018269774776023
      - l_c_mode =  0.31008234566186826 +-
      - l_c_median =  1.3087632592254959 +- 1.1102103254271842
      - l_c_mid =  2.688766704588437 +-
      - sigma =  1.1999999999891657 +- 125.10398045575104
      - D0 =  7e-13 +-
