ROI1  - M0 =  11546.201652193 +- 2008.3270760226906
      - l_c_mode =  6.385339822132414 +- 0.3242616916271034
      - l_c_median =  7.1752230811386815 +-
      - l_c_mid =  7.606083776000085 +-
      - sigma =  0.34151009149783906 +- 0.017717485539942537
      - D0 =  2.3e-12 +-
