ROI2  - M0 =  7028.478246332697 +- 2245.892796863221
      - l_c_mode =  5.876012258634891 +- 0.5794082057910405
      - l_c_median =  6.858947435938814 +-
      - l_c_mid =  7.410454846305287 +-
      - sigma =  0.39328825362651487 +- 0.03618336766550051
      - D0 =  2.3e-12 +-
