ROI1  - M0 =  18.113017885900582 +- 3.0575354971776436
      - l_c_mode =  1.4999999857319102 +- 15.343297194762886
      - l_c_median =  14.231603597687549 +-
      - l_c_mid =  43.83642515564063 +-
      - sigma =  1.4999999994969324 +- 1.9541900247632646
      - D0 =  7e-13 +-
ROI1  - M0 =  18.04513339035488 +- 3.029754405855251
      - l_c_mode =  1.499999996111948 +- 31.39282944780082
      - l_c_median =  19.403725883287745 +-
      - l_c_mid =  69.78821126443923 +-
      - sigma =  1.5999999993601142 +- 13.360168279211763
      - D0 =  7e-13 +-
ROI1  - M0 =  18.594826537994834 +- 3.265834261448545
      - l_c_mode =  1.4999999908061845 +- 3.2157944921051382
      - l_c_median =  5.03022687960093 +-
      - l_c_mid =  9.211614021844946 +-
      - sigma =  1.099999993819971 +- 6.373173465024822
      - D0 =  7e-13 +-
