Splenium  - M0 =  25.558577387856445 +- 0.6468644229103597
      - l_c_mode =  0.6332361605578986 +- 0.14285972648816783
      - l_c_median =  1.2239133339268096 +-
      - l_c_mid =  1.7015438507311689 +-
      - sigma =  0.8117667281512653 +- 0.07270242865895891
      - D0 =  7e-13 +-
Istmus  - M0 =  16.511323483178984 +- 0.6530132515551176
      - l_c_mode =  4.663321276552568 +- 3.414906916689181
      - l_c_median =  15.6383763279497 +-
      - l_c_mid =  28.637811191312764 +-
      - sigma =  1.0999999999164451 +- 4.049101114490812
      - D0 =  7e-13 +-
Body  - M0 =  24.821970490982036 +- 0.6303921988823599
      - l_c_mode =  0.20905113697448194 +- 0.11497739086415776
      - l_c_median =  0.6710100014933934 +-
      - l_c_mid =  1.2021737014903653 +-
      - sigma =  1.0799097858895177 +- 0.12670052419785247
      - D0 =  7e-13 +-
