ROI1  - M0 =  19.504672114781588 +- 0.4076976986207864
      - l_c_mode =  0.7348908833274383 +- 0.09446751415477557
      - l_c_median =  3.1017508772090205 +-
      - l_c_mid =  6.372340013282023 +-
      - sigma =  1.2 +- 0
      - D0 =  7e-13 +-
