ROI1  - M0 =  24.99999996519957 +- 228.92197787054766
      - l_c_mode =  0.10000001943006645 +- 11.655937419604696
      - l_c_median =  0.28893905662635677 +-
      - l_c_mid =  0.4911445548754996 +-
      - sigma =  1.030070584407041 +- 114.6780674272733
      - D0 =  9.360840144110102e-13 +- 2.2561056567720773e-11
