ROI1  - M0 =  21.707771363919168 +- 0.4090765365320404
      - l_c_mode =  0.18691329640841553 +- 0.02580941605976999
      - l_c_median =  1.7733839806260274 +-
      - l_c_mid =  5.462407216725617 +-
      - sigma =  1.5 +- 0
      - D0 =  7e-13 +-
