ROI1  - M0 =  204.78701636481694 +- 2.5238251931946665
      - l_c_mode =  9.338023763576267 +- 4.740161847331739
      - l_c_median =  10.94706812088494 +-
      - l_c_mid =  11.852753253420403 +-
      - sigma =  0.39871923395136516 +- 28.862349144736683
      - D0 =  7e-13 +-
