ROI1  - M1 =  24.278686305452098 +- 1.7697343802369063
      - D1 =  4.994392713175699e-06 +- 7.485171139395544e-07
      - M2 =  0 +- 0
      - D2 =  0 +- 0
