ROI1  - M0 =  17.538830334698453 +- 1.0021677268147697
      - l_c_mode =  1.0954042807023532 +- 3.1200415089962834
      - l_c_median =  10.392906449219353 +-
      - l_c_mid =  32.01240555395893 +-
      - sigma =  1.499999999996764 +- 0.5066686727252845
      - D0 =  7e-13 +-
ROI1  - M0 =  17.54517525291522 +- 0.291082419751823
      - l_c_mode =  1.09 +- 0
      - l_c_median =  10.341632061623722 +-
      - l_c_mid =  31.854469321513413 +-
      - sigma =  1.499999999999772 +- 0.03710648043419222
      - D0 =  7e-13 +-
