ROI1  - M1 =  34.66694952683469 +- 11.25529238790287
      - D1 =  9.198272497679127e-06 +- 1.4118879606862251e-05
      - M2 =  122.80160039095482 +- 10.607711974918164
      - D2 =  0.00021940771505635226 +- 2.853075204706122e-05
