ROI2  - M0 =  1364506.1710705175 +- 1807839.3873584534
      - l_c_mode =  12.121317453764105 +- 3.8522014685636794
      - l_c_median =  15.019895386362341 +-
      - l_c_mid =  16.7195832860712 +-
      - sigma =  0.46304428062178615 +- 0.05730165134680895
      - D0 =  2.3e-12 +-
ROI2  - M0 =  999.999999998487 +- 27.0869200713496
      - l_c_mode =  2.89326186076736 +- 0.7815771664595922
      - l_c_median =  2.922339630059157 +-
      - l_c_mid =  2.936987920509958 +-
      - sigma =  0.10000000713954285 +- 0.27249414501204894
      - D0 =  2.3e-12 +-
