ROI1  - M0 =  13.157253570073381 +- 41.313341854313144
      - l_c_mode =  1.0999999738767432 +- 131895.16008990788
      - l_c_median =  19.7925983383942 +-
      - l_c_mid =  83.95718711824854 +-
      - sigma =  1.6999993795477575 +- 722.9972127899161
      - D0 =  5.591428422193544e-13 +- 4.7083604966121536e-12
