ROI1  - M1 =  36.61990342818774 +- 4.105290452434586
      - D1 =  1.1503425193071237e-05 +- 2.3904528659545793e-06
      - M2 =  149.58267634211413 +- 4.301643806709553
      - D2 =  0.00026208991345266774 +- 2.159025173768882e-05
