ROI1  - M1 =  38.99402335585054 +- 13.260478922313563
      - D1 =  1.4856476563851473e-05 +- 1.508147263644425e-05
      - M2 =  117.5607875998696 +- 12.518481861902861
      - D2 =  0.00022806449299506149 +- 3.510724098313488e-05
