ROI1  - M0 =  19.808755600961316 +- None
      - l_c_mode =  0.12007155821504131 +- None
      - l_c_median =  0.12244908502446929 +-
      - l_c_mid =  0.12365544454984247 +-
      - sigma =  0.14002652469742286 +- None
      - D0 =  7e-13 +-
