ROI1  - M0 =  25.131587350917265 +- 0.6209952805996062
      - l_c_mode =  0.9455667500678193 +- 0.11307621060806844
      - l_c_median =  1.4001243059404715 +-
      - l_c_mid =  1.703741869375515 +-
      - sigma =  0.6265235976190086 +- 0.04721000179869017
      - D0 =  7e-13 +-
ROI1  - M0 =  21.700404035511447 +- 0.794787316822713
      - l_c_mode =  0.35236550141841305 +- 0.3333132754023462
      - l_c_median =  1.1816523010870323 +-
      - l_c_mid =  2.1639033864938484 +-
      - sigma =  1.09999999999717 +- 0.3426832811610483
ROI1  - M0 =  20.62793978951191 +- 0.7787100619958671
      - l_c_mode =  0.8526228967107943 +- 0.3283499075144233
      - l_c_median =  1.6169830195939439 +-
      - l_c_mid =  2.226792209864227 +-
      - sigma =  0.799999999506922 +- 9.798798270630337
