ROI1  - M0 =  18.06364784067245 +- 1.45965542905533
      - l_c_mode =  1.4999999997630842 +- 0.9894394002740479
      - l_c_median =  5.030226975522922 +-
      - l_c_mid =  9.211614257828485 +-
      - sigma =  1.09999999977354 +- 0.5732169082600931
      - D0 =  7e-13 +-
ROI1  - M0 =  18.84583793367975 +- 1.8957997015354018
      - l_c_mode =  1.0999999982466877 +- 5.743734486933328
      - l_c_median =  3.688833106335618 +-
      - l_c_mid =  6.755183769070999 +-
      - sigma =  1.0999999993113612 +- 2.68829368177035
      - D0 =  7e-13 +-
