ROI2  - M0 =  44636510.09547177 +- 678508493.5706439
      - l_c_mode =  14.999998301538 +- 21.84223460796275
      - l_c_median =  18.235789169622514 +-
      - l_c_mid =  20.106720404454318 +-
      - sigma =  0.44196833958398984 +- 0.3572196744642432
      - D0 =  2.3e-12 +-
