ROI1  - M0 =  310.7755009365764 +- 4.627851852658882
      - l_c_mode =  3.1957715916689935 +- 0.028722203407763335
      - l_c_median =  3.7472822212010586 +-
      - l_c_mid =  4.057763562308465 +-
      - sigma =  0.39900160125556794 +- 0.08872758558445872
      - D0 =  7e-13 +-
