ROI1  - M0 =  16.0 +- None
      - l_c_mode =  2.9000000000000004 +- None
      - l_c_median =  77590492476.16827 +-
      - l_c_mid =  1.2691523657374312e+16 +-
      - sigma =  4.9 +- None
      - D0 =  5e-13 +-
