Splenium  - M0 =  25.812435728764925 +- 0.6143027083859136
      - l_c_mode =  0.6842658687643329 +- 0.11785083525829917
      - l_c_median =  1.2277114977452888 +-
      - l_c_mid =  1.6444930625806875 +-
      - sigma =  0.7645656317755367 +- 0.05836997349434067
      - D0 =  7e-13 +-
Istmus  - M0 =  18.093130408282697 +- 0.8134069422473411
      - l_c_mode =  1.5766430228891355 +- 0.9169097928710748
      - l_c_median =  3.525577779283504 +-
      - l_c_mid =  5.27204081460426 +-
      - sigma =  0.8970765932624294 +- 3.85473547609822
      - D0 =  7e-13 +-
