ROI1  - M0 =  893084.2841388038 +- 1041368.4656274085
      - l_c_mode =  9.747548491167608 +- 2.3656443020738656
      - l_c_median =  11.323339595985521 +-
      - l_c_mid =  12.2043343297291 +-
      - sigma =  0.3871049340789836 +- 0.044758166960525474
      - D0 =  2.3e-12 +-
ROI1  - M0 =  999.9999999891568 +- 87.22670186380647
      - l_c_mode =  2.9791093333235312 +- 1.0254369138595913
      - l_c_median =  3.009049880675636 +-
      - l_c_mid =  3.024132806366581 +-
      - sigma =  0.10000000131303721 +- 0.3059974404099976
      - D0 =  2.3e-12 +-
