ROI1  - M0 =  20.12536436626755 +- 0.39490424590680073
      - l_c_mode =  0.8088890839367054 +- 0.08146005173217372
      - l_c_median =  2.7125971285961814 +-
      - l_c_mid =  4.967449483558964 +-
      - sigma =  1.1 +- 0
      - D0 =  7e-13 +-
