Splenium  - M0 =  26.086429936180245 +- 0.6397172834729719
      - l_c_mode =  0.4611344813808034 +- 0.15407858311942735
      - l_c_median =  1.1260261876491855 +-
      - l_c_mid =  1.7595796775586583 +-
      - sigma =  0.9448599624016686 +- 0.097587230284124
      - D0 =  7e-13 +-
Istmus  - M0 =  24.29820608556634 +- 0.5315012342339753
      - l_c_mode =  0.563736118560956 +- 0.11120584348162979
      - l_c_median =  1.090262593803773 +-
      - l_c_mid =  1.5162078383972213 +-
      - sigma =  0.8121499805064751 +- 0.06004193568061293
      - D0 =  7e-13 +-
Body  - M0 =  84.47699053438919 +- None
      - l_c_mode =  0.17131417829367085 +- None
      - l_c_median =  0.17222815799809946 +-
      - l_c_mid =  0.17268697479540848 +-
      - sigma =  0.0729446850973945 +- None
      - D0 =  7e-13 +-
