ROI2  - M0 =  725.8954266281311 +- 39.49300992972988
      - l_c_mode =  4.189763802071835 +- 0.08734540418144954
      - l_c_median =  4.754759991024525 +-
      - l_c_mid =  5.065217857991898 +-
      - sigma =  0.35567099843142447 +- 0.028748279921403008
      - D0 =  2.3e-12 +-
