ROI1  - M0 =  25.131587350917265 +- 0.6209952805996062
      - l_c_mode =  0.9455667500678193 +- 0.11307621060806844
      - l_c_median =  1.4001243059404715 +-
      - l_c_mid =  1.703741869375515 +-
      - sigma =  0.6265235976190086 +- 0.04721000179869017
      - D0 =  7e-13 +-
