ROI1  - M0 =  90097.99233020404 +- 52561.22341892733
      - l_c_mode =  7.635579120666955 +- 1.0843285441275141
      - l_c_median =  8.723550849307866 +-
      - l_c_mid =  9.324358321936884 +-
      - sigma =  0.36497613066446466 +- 0.03509947810930849
      - D0 =  2.3e-12 +-
