ROI2  - M0 =  7135.776027520284 +- 911.0671939113721
      - l_c_mode =  6.430215317154057 +- 0.270246347422197
      - l_c_median =  7.069011487144162 +-
      - l_c_mid =  7.411826989993825 +-
      - sigma =  0.3077541683929279 +- 0.017577448773709533
      - D0 =  2.3e-12 +-
