Splenium  - M0 =  22.265357239738996 +- 0.6941280180015444
      - l_c_mode =  0.9413396325260657 +- 0.13299347707559736
      - l_c_median =  1.3701038692340222 +-
      - l_c_mid =  1.652939915682909 +-
      - sigma =  0.6126482116253464 +- 0.05551627555028336
      - D0 =  7e-13 +-
Istmus  - M0 =  18.50311826188642 +- 0.8309633336712683
      - l_c_mode =  1.5544301803334688 +- 0.9045215223292885
      - l_c_median =  3.482360139372008 +-
      - l_c_mid =  5.21224611947099 +-
      - sigma =  0.8981098095010933 +- 0.8393108812065958
      - D0 =  7e-13 +-
