ROI1  - M1 =  0 +- 0
      - D1 =  0 +- 0
      - M2 =  158.02772665223563 +- 1.156445827062992
      - D2 =  0.0001891654508254792 +- 5.078269990578812e-06
