ROI1  - M1 =  35.29318800886207 +- 2.836279451577637
      - D1 =  1.1803505236551715e-05 +- 1.63779049478541e-06
      - M2 =  0 +- 0
      - D2 =  0 +- 0
