ROI1  - M0 =  24.999964289562268 +- 28026.103871203188
      - l_c_mode =  0.10000004247393399 +- 164.11300080942837
      - l_c_median =  0.12840263951105005 +-
      - l_c_mid =  0.14549927686695707 +-
      - sigma =  0.5000003372567572 +- 91852928.15441088
      - D0 =  4.089872966331797e-13 +- 9.06312658830772e-10
