ROI1  - M0 =  230.87895494035945 +- 2.4333827260515535
      - l_c_mode =  2.863649150722463 +- 0.020196631242582776
      - l_c_median =  2.8924293031576593 +-
      - l_c_mid =  2.90692766537408 +-
      - sigma =  0.1 +- 0
      - D0 =  7e-13 +-
