ROI1  - M0 =  2829.56377507218 +- 245.56123724865625
      - l_c_mode =  5.414314737863475 +- 0.16436230457568773
      - l_c_median =  5.939100102722257 +-
      - l_c_mid =  6.2202697518299015 +-
      - sigma =  0.30415670379827103 +- 0.016556986560452125
      - D0 =  2.3e-12 +-
