ROI2  - M0 =  2268.7274678133817 +- 322.88179336696714
      - l_c_mode =  5.667503426111482 +- 0.30625097240750165
      - l_c_median =  6.596068559450156 +-
      - l_c_mid =  7.115932927352423 +-
      - sigma =  0.3895190506507875 +- 0.029225050687752326
      - D0 =  2.3e-12 +-
