ROI1  - M0 =  17.63147128981298 +- 1.1851242423770452
      - l_c_mode =  1.7999999995822968 +- 1.9580578612682638
      - l_c_median =  12.778788713282117 +-
      - l_c_mid =  34.04852335002365 +-
      - sigma =  1.3999999999710901 +- 2.833167077653121
      - D0 =  7e-13 +-
ROI1  - M0 =  18.153730607183906 +- 1.4322490145207525
      - l_c_mode =  1.0897097898410815 +- 4.299102085533197
      - l_c_median =  10.331466801814583 +-
      - l_c_mid =  31.811749244927146 +-
      - sigma =  1.499760932442253 +- 0.694772281664125
      - D0 =  7e-13 +-
