ROI1  - M0 =  20.8191834536981 +- 1.152789768366016
      - l_c_mode =  0.21046850336311854 +- 0.6572322963781306
      - l_c_median =  1.494184742107366 +-
      - l_c_mid =  3.98118986246196 +-
      - sigma =  1.399999999956634 +- 0.07407818455620169
ROI1  - M0 =  24.728484252888983 +- 0.852691684144422
      - l_c_mode =  0.10000000008472737 +- 0.2698680270096857
      - l_c_median =  0.7056379979550103 +-
      - l_c_mid =  1.8744460212428256 +-
      - sigma =  1.3978312374476063 +- 0.40138114768394856
ROI1  - M0 =  26.7571560509789 +- 0.7149552645967538
      - l_c_mode =  0.40101695670332393 +- 0.1587828130672295
      - l_c_median =  1.0270671958641342 +-
      - l_c_mid =  1.643678668450482 +-
      - sigma =  0.9697726148980277 +- 0.110135354270114
