ROI1  - M0 =  26.757281261146858 +- 0.7148514632933458
      - l_c_mode =  0.4009871317468171 +- 0.1587604630541823
      - l_c_median =  1.0270319676820643 +-
      - l_c_mid =  1.6436552256152304 +-
      - sigma =  0.9697932770986843 +- 0.11012023777458756
      - D0 =  7e-13 +-
