ROI1  - M0 =  27.704043623653597 +- 0.721841464206838
      - l_c_mode =  0.22079088627017246 +- 0.13329580264632904
      - l_c_median =  0.7686073465930565 +-
      - l_c_mid =  1.4340563785041314 +-
      - sigma =  1.1168546006052766 +- 0.14380296540469012
ROI1  - M0 =  20.895974710183026 +- 1.3322344896004326
      - l_c_mode =  0.2051553243999079 +- 0.7304496697067954
      - l_c_median =  1.4564647367720278 +-
      - l_c_mid =  3.88068654531873 +-
      - sigma =  1.3999999974740138 +- 0.5073570770674427
