ROI1  - M0 =  4907.276273079683 +- 622.9560359828923
      - l_c_mode =  5.184365438233636 +- 0.19352481440752964
      - l_c_median =  5.561055922614716 +-
      - l_c_mid =  5.759543865355795 +-
      - sigma =  0.26484062059769065 +- 0.017589429027058633
      - D0 =  2.3e-12 +-
