ROI1  - M1 =  34.58659336281931 +- 4.8356586173189475
      - D1 =  8.540292676384453e-06 +- 2.2131939496133046e-06
      - M2 =  181.57887055916427 +- 7.4077944358730345
      - D2 =  0.00033178768316455276 +- 3.603231046946149e-05
