ROI1  - M1 =  35.859109667129985 +- 3.806513683433216
      - D1 =  1.140250640907503e-05 +- 2.191101834525348e-06
      - M2 =  133.1065737327218 +- 3.882227328136737
      - D2 =  0.00023424871042077022 +- 1.874400864068286e-05
