ROI1  - M0 =  20.15199977750404 +- 0.16536561380699713
      - l_c_mode =  0.8 +- 0
      - l_c_median =  2.1746254627672363 +-
      - l_c_mid =  3.585351256270452 +-
      - sigma =  1.0 +- 0
      - D0 =  7e-13 +-
ROI1  - M0 =  16.79118295767531 +- 0.8986215082076228
      - l_c_mode =  1.0999999999937198 +- 0.7163072162058766
      - l_c_median =  3.6888331177828664 +-
      - l_c_mid =  6.755183795150868 +-
      - sigma =  1.1 +- 0
ROI1  - M0 =  19.000000001059078 +- 2.623076650467903
      - l_c_mode =  0.7000000005752611 +- 2.373370507872475
      - l_c_median =  2.137863768588325 +-
      - l_c_mid =  3.73612175231295 +-
      - sigma =  1.056637134782287 +- 1.4641409759616137
      - D0 =  5e-13 +-
ROI1  - M0 =  19.008460031303056 +- 0.9209774063919796
      - l_c_mode =  0.8999999998981771 +- 0.8041971636622804
      - l_c_median =  3.018136183004459 +-
      - l_c_mid =  5.526968548229916 +-
      - sigma =  1.0999999994053824 +- 0.4502119942426537
      - D0 =  7e-13 +-
