Splenium  - M0 =  25.619466365892542 +- 0.5584379124162399
      - l_c_mode =  0.5786840278949053 +- 0.11534117307245616
      - l_c_median =  1.1622462007208374 +-
      - l_c_mid =  1.6471246055467192 +-
      - sigma =  0.8350767530236785 +- 0.06609599466839641
      - D0 =  7e-13 +-
Istmus  - M0 =  20.258618440471523 +- 0.8459401728119125
      - l_c_mode =  1.0807435547873705 +- 0.5619862761973556
      - l_c_median =  2.4290663060824556 +-
      - l_c_mid =  3.6416460120612197 +-
      - sigma =  0.8999209223231728 +- 0.0571274876358869
      - D0 =  7e-13 +-
