ROI1  - M0 =  24.237168168137565 +- 0.6941120988874665
      - l_c_mode =  0.4348930760680344 +- 0.16277126650145124
      - l_c_median =  1.029483362153132 +-
      - l_c_mid =  1.5839364450549405 +-
      - sigma =  0.9282845288545629 +- 0.10575671318950032
      - D0 =  7e-13 +-
