ROI1  - M0 =  799.4131705312241 +- 12.783942237508366
      - l_c_mode =  4.76216887651988 +- 0.03376398143341834
      - l_c_median =  5.339679612118579 +-
      - l_c_mid =  5.654190065192333 +-
      - sigma =  0.33832298568940894 +- 0.0212057579052948
      - D0 =  2.3e-12 +-
