ROI2  - M0 =  380.6225876808293 +- 8.743690942113712
      - l_c_mode =  3.7099523679101325 +- 0.02943209760643689
      - l_c_median =  4.221210646200469 +-
      - l_c_mid =  4.502682975947346 +-
      - sigma =  0.3593089648089406 +- 0.04446556776873531
      - D0 =  2.3e-12 +-
