ROI1  - M0 =  455.438377572187 +- 2.793831689270129
      - l_c_mode =  4.492930912850585 +- 0.05346682090504094
      - l_c_median =  4.837302749513001 +-
      - l_c_mid =  5.019263936058418 +-
      - sigma =  0.2717572977480992 +- 0.044733193422555086
      - D0 =  2.3e-12 +-
