ROI2  - M0 =  228.98933882251876 +- 3.03612289061861
      - l_c_mode =  3.1269051181410985 +- 0.2891780277608952
      - l_c_median =  3.6991358934911602 +-
      - l_c_mid =  4.023398757496175 +-
      - sigma =  0.4099457462096199 +- 0.10309230234655858
      - D0 =  2.3e-12 +-
