ROI1  - M0 =  16.0 +- None
      - l_c_mode =  1.1 +- None
      - l_c_median =  40.66265809630476 +-
      - l_c_mid =  247.22780024647733 +-
      - sigma =  1.9 +- None
      - D0 =  5e-13 +-
