ROI1  - M1 =  0 +- 0
      - D1 =  0 +- 0
      - M2 =  154.74207368538603 +- 1.3521983790165018
      - D2 =  0.00017605779097151775 +- 1.1235448250833205e-05
