ROI1  - M1 =  0 +- 0
      - D1 =  0 +- 0
      - M2 =  155.53726897150574 +- 1.025394172813216
      - D2 =  0.00016970941014182728 +- 4.430437325790947e-06
