ROI1  - M0_int =  12.000003414179679 +- 518.3643196451682
      - l_c_int =  76.01004552361613 +- 93909.036419494
      - D0_int =  7.834480455100568e-14 +- 4.797996055013295e-12
      - M0_ext =  29.65526865149122 +- 15.749753240969241
      - l_c_mode_ext =  1.998574651627795 +- 58.96958092880305
      - l_c_median_ext =  2.264397621388011 +-
      - l_c_mid_ext =  2.4102874951042956 +-
      - sigma_ext =  0.3533758911426501 +- 14.337571499230267
      - D0_ext =  2.296577370794605e-12 +- 8.8887569764546e-11
