ROI1  - M0 =  19.52910355642236 +- 0.680760816280498
      - l_c_mode =  1.4241831167292343 +- 0.1045345561311068
      - l_c_median =  1.5877265513903371 +-
      - l_c_mid =  1.676411551568208 +-
      - sigma =  0.32970403881174193 +- 0.42053060791043856
      - D0 =  7e-13 +-
ROI2  - M0 =  16.933279361574296 +- 0.5918847683259826
      - l_c_mode =  1.5579962755685133 +- 0.0731536845451414
      - l_c_median =  1.57861649912351 +-
      - l_c_mid =  1.5890287277203319 +-
      - sigma =  0.11466591933513497 +- 6.1339508406626715
      - D0 =  7e-13 +-
