ROI1  - M0 =  111906013.15334822 +- 1110846821.5897303
      - l_c_mode =  14.999999972396163 +- 2.6812868639699796
      - l_c_median =  17.633229052623136 +-
      - l_c_mid =  19.118426436249894 +-
      - sigma =  0.4021628240859728 +- 0.1958315506620261
      - D0 =  2.3e-12 +-
