ROI1  - M0 =  191.300325166539 +- 4.545825942827321
      - l_c_mode =  4.251367710915171 +- 46517.047458787085
      - l_c_median =  4.253816790220261 +-
      - l_c_mid =  4.2550418588861225 +-
      - sigma =  0.02399797289806921 +- 18470.77345044594
      - D0 =  7e-13 +-
