ROI1  - M0 =  15.000000109360581 +- None
      - l_c_mode =  0.10000005097681999 +- None
      - l_c_median =  0.20738469112022193 +-
      - l_c_mid =  0.2986516582857323 +-
      - sigma =  0.8540519796876425 +- None
      - D0 =  6.998845947236987e-13 +- None
ROI1  - M0 =  18.466485158144025 +- 758.0331619089952
      - l_c_mode =  0.10000071469308111 +- 10555382.452050248
      - l_c_median =  0.2119398018417995 +-
      - l_c_mid =  0.308544091307402 +-
      - sigma =  0.8666746493810591 +- 8142.164122538854
      - D0 =  2.2999999956047083e-12 +- 1.7450496135216177e-08
