ROI2  - M0 =  154710.34615162283 +- 70343.54852311341
      - l_c_mode =  10.329386562254324 +- 1.4192059613053785
      - l_c_median =  13.185167415218102 +-
      - l_c_mid =  14.896738957015591 +-
      - sigma =  0.49406438837020006 +- 0.03297620834754826
      - D0 =  2.3e-12 +-
