ROI1  - M1 =  40.0603646886547 +- 3.7152801346117177
      - D1 =  1.4023771244930927e-05 +- 2.2045397907163747e-06
      - M2 =  157.51620260089342 +- 3.9148490139685217
      - D2 =  0.0002994557457733915 +- 2.163380504578133e-05
