ROI1  - M0 =  213.29433750031833 +- 4.608974614608208
      - l_c_mode =  4.288835586445627 +- 0.5391473912765956
      - l_c_median =  4.556058158298979 +-
      - l_c_mid =  4.695849721162259 +-
      - sigma =  0.2458506450823822 +- 0.19533003505884364
      - D0 =  2.3e-12 +-
