ROI2  - M0 =  188.69509431506114 +- 7.327551890462178
      - l_c_mode =  2.842744971759562 +- 1.5551586894640719
      - l_c_median =  3.727504350196542 +-
      - l_c_mid =  4.268332943717776 +-
      - sigma =  0.5205466453490403 +- 0.36781060256879133
      - D0 =  2.3e-12 +-
