ROI1  - M0 =  210.85251881494995 +- 4.9016597672475655
      - l_c_mode =  3.4810278656530693 +- 0.06112859349869417
      - l_c_median =  4.084874857091728 +-
      - l_c_mid =  4.4250113026220745 +-
      - sigma =  0.3999543464388414 +- 0.016742238849080358
      - D0 =  7e-13 +-
