ROI1  - M0 =  20.125364424664 +- 0.3948956199777189
      - l_c_mode =  0.8088890713952047 +- 0.0814600133478266
      - l_c_median =  2.712597086538451 +-
      - l_c_mid =  4.967449406540652 +-
      - sigma =  1.1 +- 0
