ROI1  - M1 =  42.01969316672351 +- 13.693380129205337
      - D1 =  1.8224071046457624e-05 +- 1.4554267279771998e-05
      - M2 =  110.76651784359106 +- 12.951974736276389
      - D2 =  0.0002307043974403289 +- 3.7702439067467726e-05
