Splenium  - M0 =  25.561949501061495 +- 0.5406925457914353
      - l_c_mode =  0.7045649603693657 +- 0.10794651837063797
      - l_c_median =  1.233669799347159 +-
      - l_c_mid =  1.632442448832264 +-
      - sigma =  0.7484437508513224 +- 0.051351948592964804
      - D0 =  7e-13 +-
Istmus  - M0 =  23.698873993385323 +- 0.49549217125773254
      - l_c_mode =  0.6357533026225394 +- 0.11236567225298763
      - l_c_median =  1.196088826128814 +-
      - l_c_mid =  1.6405929364142768 +-
      - sigma =  0.7949852841139577 +- 0.05678888157803984
      - D0 =  7e-13 +-
Body  - M0 =  24.80201744785422 +- 0.44587439895399944
      - l_c_mode =  0.6205926327680127 +- 0.07752531816171522
      - l_c_median =  1.058662066796223 +-
      - l_c_mid =  1.3827151465812297 +-
      - sigma =  0.7308120879705735 +- 0.039135524785113646
      - D0 =  7e-13 +-
