ROI1  - M1 =  30.345878015383175 +- 3.363192858347654
      - D1 =  6.839394455671055e-06 +- 1.5109215920320788e-06
      - M2 =  135.68364201487833 +- 4.592224469355301
      - D2 =  0.0002197916102291142 +- 2.1066640488755336e-05
