ROI1  - M0 =  20.15199977750404 +- 0.16536561380699713
      - l_c_mode =  0.8 +- 0
      - l_c_median =  2.1746254627672363 +-
      - l_c_mid =  3.585351256270452 +-
      - sigma =  1.0 +- 0
      - D0 =  7e-13 +-
