ROI1  - M0 =  1003.255593373721 +- 40.76435447636179
      - l_c_mode =  4.867736258305516 +- 0.08489601821585707
      - l_c_median =  5.329708869699888 +-
      - l_c_mid =  5.576885274015418 +-
      - sigma =  0.3011106451362419 +- 0.017655203534259558
      - D0 =  2.3e-12 +-
